char easy[BOARD_DIM * BOARD_DIM] = {
      0, 9, 3, 0, 5, 0, 0, 0, 4,
      0, 0, 7, 0, 0, 0, 0, 8, 0,
      5, 6, 0, 9, 0, 0, 0, 0, 7,
      0, 8, 0, 0, 3, 9, 4, 2, 0,
      0, 4, 0, 8, 2, 7, 0, 3, 0,
      0, 3, 5, 6, 1, 0, 0, 9, 0,
      9, 0, 0, 0, 0, 5, 0, 4, 2,
      0, 7, 0, 0, 0, 0, 1, 0, 0,
      3, 0, 0, 0, 4, 0, 8, 7, 0};

char medium[BOARD_DIM * BOARD_DIM] = {
    0, 0, 0, 0, 9, 0, 0, 7, 1,
    4, 7, 0, 0, 0, 0, 2, 3, 0,
    0, 0, 0, 6, 0, 3, 4, 0, 0,
    0, 4, 0, 0, 1, 0, 5, 6, 3,
    5, 0, 0, 0, 0, 0, 0, 0, 7,
    7, 1, 9, 0, 6, 0, 0, 2, 0,
    0, 0, 4, 2, 0, 8, 0, 0, 0,
    0, 3, 5, 0, 0, 0, 0, 8, 2,
    2, 8, 0, 0, 5, 0, 0, 0, 0,};

char hard[BOARD_DIM * BOARD_DIM] = {
    0, 0, 8, 0, 0, 0, 0, 0, 0,
    4, 5, 0, 8, 0, 0, 0, 6, 2,
    0, 3, 0, 6, 0, 0, 0, 4, 0,
    0, 8, 0, 0, 3, 1, 7, 0, 0,
    0, 0, 0, 0, 0, 0, 0, 0, 0,
    0, 0, 5, 7, 8, 0, 0, 3, 0,
    0, 4, 0, 0, 0, 6, 0, 2, 0,
    2, 9, 0, 0, 0, 8, 0, 5, 6,
    0, 0, 0, 0, 0, 0, 3, 0, 0,};

char harder[BOARD_DIM * BOARD_DIM] = {
    0, 0, 4, 0, 5, 0, 0, 0, 0,
    0, 0, 3, 9, 0, 0, 0, 0, 0,
    0, 6, 0, 3, 4, 0, 0, 0, 5,
    0, 8, 0, 0, 0, 0, 0, 7, 0,
    7, 0, 2, 0, 0, 0, 8, 3, 0,
    0, 1, 0, 0, 0, 2, 0, 4, 0,
    2, 0, 0, 4, 0, 0, 0, 0, 0,
    0, 0, 0, 0, 0, 1, 0, 0, 6,
    0, 0, 0, 7, 0, 0, 0, 8, 0};

char veryHard[BOARD_DIM * BOARD_DIM] = {
    8,0,0,0,0,0,0,0,0, 
    0,0,3,6,0,0,0,0,0, 
    0,7,0,0,9,0,2,0,0, 
    0,5,0,0,0,7,0,0,0, 
    0,0,0,0,4,5,7,0,0, 
    0,0,0,1,0,0,0,3,0, 
    0,0,1,0,0,0,0,6,8, 
    0,0,8,5,0,0,0,1,0, 
    0,9,0,0,0,0,4,0,0};

char hardest[BOARD_DIM * BOARD_DIM] = {
      0, 0, 0, 0, 0, 0, 0, 0, 0,
      0, 0, 0, 0, 0, 3, 0, 8, 5,
      0, 0, 1, 0, 2, 0, 0, 0, 0,
      0, 0, 0, 5, 0, 7, 0, 0, 0,
      0, 0, 4, 0, 0, 0, 1, 0, 0,
      0, 9, 0, 0, 0, 0, 0, 0, 0,
      5, 0, 0, 0, 0, 0, 0, 7, 3,
      0, 0, 2, 0, 1, 0, 0, 0, 0,
      0, 0, 0, 0, 4, 0, 0, 0, 9};